 sub ==== 95% ==== 90% ==== 80% ==== 75%
#Subject ==== 1
  1       19       7        3        2
  2       41      22        8        5
  3       32      13        3        2
  4       32      12        4        3
  5        0       0        0        0
  6       21       9        4        2
  7       27      13        4        2
  8       31      14        4        2
  9       33      14        5        3
 10       25      11        4        2
 11       25      10        3        2
 12       24      10        3        2
 13        0       0        0        0
 14        0       0        0        0
 15       15       6        2        1
 16       33      16        4        2
 17        0       0        0        0
 18       27      12        3        2
 19        0       0        0        0
 20       18       8        3        3
 21       21       7        2        2
 22       20       7        2        2
 23       15       5        2        2
 24       21       7        3        2
 25       18       6        2        1
 26        0       0        0        0
 27        0       0        0        0
 28       26      10        3        2
 29        0       0        0        0
 30       19       7        2        1
 31       32      15        5        3
 32       22      10        3        2
 33       32      14        4        3
 34       30      10        3        2
 35       35      12        3        2
 36       25       8        3        2
 37       23      12        5        3
 38       21       7        2        2
 39       19       7        2        2
 40       22      10        4        3
 41       34      14        5        3
 42        0       0        0        0
 43       28      11        3        3
 44       26      10        3        2
 45        0       0        0        0
 46        0       0        0        0
 47       18       6        2        1
 48       22       9        3        2
*********************************************************
#Subject ==== 2
  1       34      15        5        3
  2       35      17        5        3
  3       48      28       10        6
  4       46      25        8        4
  5       16       6        2        1
  6       30      15        5        3
  7       26      12        3        2
  8       45      25        9        5
  9       48      25        7        4
 10       28      13        4        2
 11       37      19        7        5
 12       35      18        6        4
 13       28      14        5        4
 14       41      21        7        5
 15       28      13        5        3
 16       37      19        6        3
 17       18       6        1        1
 18       32      15        4        3
 19       28      13        5        3
 20       24       9        3        2
 21       27      11        3        2
 22       43      21        6        3
 23       26      12        5        3
 24       36      16        6        4
 25       30      14        4        3
 26       21       9        3        2
 27       19       9        3        2
 28       42      23        7        4
 29       35      19        8        5
 30       30      16        5        4
 31       37      19        6        4
 32       30      14        5        3
 33       36      18        5        4
 34       47      24        7        5
 35       52      29        8        5
 36       36      16        4        2
 37       36      23       11        8
 38       38      17        4        3
 39       34      14        4        3
 40       25      12        4        3
 41       38      18        6        4
 42       18       7        1        1
 43       43      23        7        5
 44       42      20        6        4
 45       28      15        6        4
 46       39      20        7        4
 47       26      11        3        2
 48       39      20        8        5
*********************************************************
#Subject ==== 3
  1       22       8        2        2
  2       32      14        4        2
  3       30      12        3        2
  4       23       8        2        1
  5        0       0        0        0
  6       16       7        3        2
  7       19       7        2        1
  8       22       7        2        2
  9       23       9        3        2
 10       21       8        3        2
 11       22       8        3        2
 12       17       6        2        2
 13        0       0        0        0
 14       21       6        2        1
 15       19       7        2        1
 16       27       9        2        1
 17        0       0        0        0
 18       23       9        3        2
 19       18       7        2        1
 20       18       7        2        2
 21       19       7        2        1
 22       22       8        2        2
 23        0       0        0        0
 24       25      10        3        2
 25       24       9        2        2
 26       15       6        2        1
 27        0       0        0        0
 28       26      11        3        2
 29       19       6        2        1
 30       17       6        2        1
 31       29      12        4        2
 32       20       8        3        2
 33       32      14        4        3
 34       31      12        3        2
 35       35      13        3        2
 36       18       6        2        1
 37       20       9        4        3
 38       25       9        3        2
 39       16       6        2        2
 40       19       8        3        2
 41       35      16        4        3
 42        0       0        0        0
 43       29      11        3        2
 44       29      11        3        2
 45        0       0        0        0
 46       23       7        2        1
 47       17       5        1        1
 48        0       0        0        0
*********************************************************
#Subject ==== 4
  1       25       9        3        2
  2       31      13        4        2
  3       30      12        3        2
  4       25       8        2        1
  5        0       0        0        0
  6       15       5        1        1
  7       23      10        3        2
  8       34      16        4        2
  9       30      13        4        2
 10       22      10        3        2
 11       24       9        3        1
 12       23       9        3        2
 13        0       0        0        0
 14       29      11        3        2
 15       27      12        4        3
 16       32      13        3        2
 17        0       0        0        0
 18       25      10        2        2
 19       20       8        2        2
 20       19       7        2        1
 21       20       6        2        1
 22       24       8        2        2
 23       19       7        2        1
 24       32      13        3        2
 25       25      10        3        2
 26       18       7        2        2
 27        0       0        0        0
 28       27      11        3        2
 29       23       9        2        1
 30       21       8        2        1
 31       29      13        4        3
 32       22       9        3        2
 33       29      13        4        3
 34       31      12        3        2
 35       35      13        3        2
 36       21       7        2        1
 37       23      12        4        2
 38       27      10        3        2
 39       20       7        2        2
 40       21       9        3        2
 41       35      16        5        3
 42        0       0        0        0
 43       30      13        4        2
 44       31      12        4        2
 45       16       5        1        1
 46       29      10        2        2
 47       24      10        3        2
 48       35      16        5        3
*********************************************************
#Subject ==== 5
  1       23       8        3        2
  2       39      21        7        5
  3       38      18        6        4
  4       35      16        4        3
  5        0       0        0        0
  6       18       8        3        3
  7       26      12        5        4
  8       34      15        6        4
  9       24       9        4        3
 10       30      16        6        4
 11       33      16        6        4
 12       28      13        5        4
 13       15       5        3        2
 14       25       9        3        2
 15       21       8        3        2
 16       36      18        6        4
 17        0       0        0        0
 18       33      16        5        4
 19        0       0        0        0
 20       17       6        2        2
 21       20       6        2        1
 22       35      15        5        3
 23       20       9        4        3
 24       30      12        4        3
 25       25       9        3        2
 26        0       0        0        0
 27        0       0        0        0
 28       30      13        4        3
 29       21       9        3        2
 30       23      10        3        2
 31       33      16        5        3
 32       29      15        5        4
 33       35      17        5        4
 34       42      20        5        3
 35       49      25        7        4
 36       28      10        3        2
 37       24      13        6        4
 38       32      13        4        3
 39       26       9        3        2
 40       23      11        5        4
 41       36      17        5        4
 42        0       0        0        0
 43       33      15        4        3
 44       30      11        3        2
 45        0       0        0        0
 46       26      10        2        2
 47       21       7        2        1
 48       22      10        4        3
*********************************************************
#Subject ==== 6
  1       19       8        3        2
  2       26      10        4        3
  3       21       7        3        2
  4       28      11        3        2
  5        0       0        0        0
  6        0       0        0        0
  7       19       8        3        2
  8       16       6        3        2
  9        0       0        0        0
 10        0       0        0        0
 11       20       8        3        2
 12       17       7        3        2
 13        0       0        0        0
 14        0       0        0        0
 15       15       5        2        1
 16       21       8        3        2
 17       16       6        2        1
 18       30      14        4        2
 19        0       0        0        0
 20       15       7        3        2
 21       21       7        3        2
 22       18       7        2        2
 23       17       7        3        2
 24       19       7        2        2
 25       17       6        2        1
 26       16       6        2        1
 27        0       0        0        0
 28       17       6        3        2
 29        0       0        0        0
 30       20       8        3        2
 31       23       9        3        2
 32        0       0        0        0
 33       21       8        3        2
 34       30      11        3        2
 35       37      15        4        2
 36       26      10        3        2
 37        0       0        0        0
 38       27      10        3        2
 39       22       8        3        2
 40        0       0        0        0
 41       23       9        3        2
 42       16       6        2        2
 43       23      10        3        2
 44       24      10        4        2
 45        0       0        0        0
 46       15       5        2        2
 47       20       6        2        1
 48       15       6        3        2
*********************************************************
#Subject ==== 7
  1       20       7        2        1
  2       23       8        2        2
  3       34      15        4        3
  4       28      10        3        2
  5        0       0        0        0
  6       20       8        2        2
  7       20       7        2        2
  8       34      15        4        3
  9       36      14        4        2
 10       21       8        3        2
 11       28      12        4        2
 12       26      11        3        2
 13       22       9        2        2
 14       43      22        6        4
 15       31      14        5        3
 16       28      11        3        1
 17        0       0        0        0
 18       24       9        2        2
 19       22       9        3        3
 20       16       6        2        2
 21       17       5        2        2
 22       30      10        2        2
 23       26      12        4        3
 24       38      18        5        3
 25       25      10        3        2
 26       16       6        3        2
 27       15       6        3        2
 28       34      15        4        2
 29       26      11        3        2
 30       25      11        4        2
 31       22       8        2        1
 32       26      11        4        2
 33       24       9        2        2
 34       29       9        3        2
 35       37      14        3        2
 36       22       7        3        2
 37       25      13        5        3
 38       33      12        3        2
 39       18       5        2        2
 40       22      10        4        3
 41       30      12        4        3
 42        0       0        0        0
 43       24       8        2        2
 44       25       8        3        2
 45       20       7        2        2
 46       36      17        4        3
 47       25       9        3        2
 48       26      12        4        3
*********************************************************
#Subject ==== 8
  1       17       5        2        1
  2       21       7        2        2
  3       26      10        3        2
  4       17       6        2        1
  5        0       0        0        0
  6       17       7        2        2
  7       16       6        2        1
  8       33      16        5        3
  9       35      15        5        3
 10       20       8        2        2
 11       25      10        3        2
 12       25      10        3        2
 13       29      14        4        3
 14       40      20        6        4
 15       18       6        2        2
 16       26      10        3        2
 17        0       0        0        0
 18        0       0        0        0
 19       19       7        3        2
 20        0       0        0        0
 21        0       0        0        0
 22       27       9        2        1
 23       19       8        3        3
 24       36      16        5        3
 25       22       8        2        1
 26        0       0        0        0
 27        0       0        0        0
 28       22       7        2        2
 29       31      15        5        3
 30        0       0        0        0
 31       20       7        2        2
 32       22       9        3        2
 33       22       8        2        2
 34       23       7        2        1
 35       30       9        2        2
 36        0       0        0        0
 37       26      14        6        4
 38       18       5        2        1
 39        0       0        0        0
 40       17       7        3        2
 41       27      10        3        2
 42        0       0        0        0
 43       24       9        2        2
 44       24       8        2        2
 45       34      18        7        5
 46       28      10        3        2
 47        0       0        0        0
 48       38      20        6        4
*********************************************************
#Subject ==== 9
  1       23       7        2        2
  2       22       7        2        1
  3       37      17        4        3
  4       26       9        2        1
  5        0       0        0        0
  6       29      15        5        4
  7       18       6        2        1
  8       30      13        3        2
  9       35      13        4        3
 10       21       8        2        1
 11       24       9        3        2
 12       23       9        3        2
 13        0       0        0        0
 14       21       6        2        2
 15       18       6        2        2
 16       25       9        2        1
 17        0       0        0        0
 18       25      10        3        2
 19       21       8        2        2
 20        0       0        0        0
 21       15       5        1        1
 22       25       8        2        2
 23       18       7        2        2
 24       28      11        3        2
 25       24       9        3        2
 26        0       0        0        0
 27        0       0        0        0
 28       36      18        5        3
 29        0       0        0        0
 30       16       6        2        1
 31       20       7        2        1
 32       21       8        2        2
 33       24       9        3        2
 34       31      12        3        2
 35       37      14        3        2
 36       18       5        2        1
 37       28      16        7        5
 38       28      10        3        2
 39       19       6        2        2
 40       20       8        2        2
 41       32      13        4        3
 42        0       0        0        0
 43       25      10        3        2
 44       27      10        3        2
 45        0       0        0        0
 46       21       6        2        2
 47       16       4        2        1
 48       19       7        2        2
*********************************************************
#Subject ==== 10
  1       19       8        4        3
  2       36      18        6        4
  3       38      19        5        4
  4       31      13        4        3
  5        0       0        0        0
  6        0       0        0        0
  7       28      14        5        4
  8       27      11        3        2
  9       24       8        3        3
 10       22      10        3        3
 11       29      12        5        4
 12       24      10        4        3
 13        0       0        0        0
 14        0       0        0        0
 15       20       8        3        2
 16       38      20        6        4
 17       15       7        3        2
 18       25      11        4        3
 19       16       7        3        2
 20       20       9        4        3
 21       23       9        3        3
 22       25       9        4        3
 23        0       0        0        0
 24       20       7        3        3
 25       18       7        3        2
 26       16       7        3        2
 27        0       0        0        0
 28       34      16        5        4
 29       15       6        2        2
 30       26      13        5        3
 31       25      10        3        3
 32       24      10        4        3
 33       24       9        3        3
 34       29      11        4        3
 35       37      16        5        3
 36       23       9        4        3
 37       15       7        2        2
 38       26      10        4        3
 39       19       8        3        3
 40       19       8        4        3
 41       25      10        4        3
 42        0       0        0        0
 43       25      10        4        3
 44       22       9        4        3
 45        0       0        0        0
 46       21       7        2        2
 47       22       9        3        2
 48       22       8        3        2
*********************************************************
#Subject ==== 11
  1       30      11        4        3
  2       45      26       10        6
  3       53      33       13        8
  4       42      21        6        4
  5       16       7        2        2
  6       30      15        5        4
  7       32      17        5        3
  8       42      21        7        5
  9       62      38       14        9
 10       29      14        5        3
 11       42      23        8        5
 12       41      22        8        5
 13        0       0        0        0
 14       23       7        1        1
 15       20       7        2        1
 16       40      21        6        3
 17       20       7        2        1
 18       41      24        9        5
 19       28      11        3        2
 20       30      11        4        3
 21       33      14        4        2
 22       48      25        8        5
 23       21       8        2        1
 24       32      13        3        2
 25       27      11        3        2
 26       25      10        2        1
 27       22       8        3        2
 28       49      29       10        6
 29       16       5        1        1
 30       25      11        3        2
 31       38      20        6        4
 32       28      12        4        3
 33       38      19        5        4
 34       56      32       11        6
 35       61      37       13        8
 36       35      15        4        3
 37       29      16        6        4
 38       45      22        7        4
 39       34      14        5        4
 40       25      12        3        3
 41       39      19        5        4
 42       20       8        2        1
 43       44      23        7        5
 44       40      18        6        4
 45       15       4        1        1
 46       26       8        2        1
 47       26      10        2        1
 48       27      11        3        2
*********************************************************
#Subject ==== 12
  1       16       6        2        1
  2        0       0        0        0
  3       38      18        5        3
  4       23       8        2        2
  5        0       0        0        0
  6        0       0        0        0
  7        0       0        0        0
  8       20       7        2        2
  9       22       7        2        2
 10       15       5        1        1
 11       28      12        4        3
 12       25      10        4        3
 13        0       0        0        0
 14       25       9        2        1
 15       24      11        4        3
 16       26      10        2        2
 17        0       0        0        0
 18       23       9        2        2
 19       25      11        5        3
 20        0       0        0        0
 21       15       5        2        1
 22       31      12        2        2
 23       19       8        3        3
 24       26      10        4        2
 25       25      11        4        3
 26       16       7        3        2
 27       17       8        4        3
 28       33      14        3        2
 29       27      13        4        3
 30       19       8        2        2
 31       15       4        1        1
 32       26      12        4        3
 33       16       5        2        1
 34       28      10        2        2
 35       38      15        3        2
 36        0       0        0        0
 37        0       0        0        0
 38       36      15        3        2
 39       17       6        2        1
 40       20       9        3        3
 41       24       9        3        2
 42        0       0        0        0
 43       24       9        2        2
 44       21       7        2        1
 45       19       7        2        2
 46       26      10        2        2
 47       18       7        2        2
 48       29      13        4        3
*********************************************************
#Subject ==== 13
  1        0       0        0        0
  2       22       9        3        2
  3       19       6        2        2
  4       18       6        2        1
  5        0       0        0        0
  6        0       0        0        0
  7       16       6        2        2
  8        0       0        0        0
  9        0       0        0        0
 10        0       0        0        0
 11       16       6        3        2
 12        0       0        0        0
 13        0       0        0        0
 14        0       0        0        0
 15        0       0        0        0
 16       20       7        2        2
 17        0       0        0        0
 18       16       6        2        2
 19        0       0        0        0
 20        0       0        0        0
 21        0       0        0        0
 22        0       0        0        0
 23        0       0        0        0
 24        0       0        0        0
 25        0       0        0        0
 26        0       0        0        0
 27        0       0        0        0
 28       15       5        2        2
 29        0       0        0        0
 30       20       9        3        2
 31       19       7        3        2
 32        0       0        0        0
 33       17       6        2        2
 34       19       6        2        2
 35       22       7        2        2
 36        0       0        0        0
 37        0       0        0        0
 38        0       0        0        0
 39        0       0        0        0
 40        0       0        0        0
 41       17       6        3        2
 42        0       0        0        0
 43       18       6        2        2
 44       15       5        2        2
 45        0       0        0        0
 46        0       0        0        0
 47       16       5        2        2
 48        0       0        0        0
*********************************************************
#Subject ==== 14
  1       24       8        3        2
  2       22       7        2        2
  3       25       8        2        2
  4       27       9        3        2
  5        0       0        0        0
  6       20       8        3        2
  7       16       6        2        1
  8       27      11        3        2
  9       31      13        4        3
 10       16       6        2        1
 11       23       9        3        2
 12       20       8        2        2
 13        0       0        0        0
 14       28      10        3        2
 15       20       7        3        2
 16       20       6        2        1
 17        0       0        0        0
 18       18       6        2        2
 19       18       7        3        2
 20       23       8        3        2
 21       18       6        2        2
 22       26       9        3        2
 23        0       0        0        0
 24       26       9        3        2
 25       22       8        3        2
 26        0       0        0        0
 27        0       0        0        0
 28       21       7        2        2
 29       17       7        1        1
 30       21       8        2        1
 31       24       8        3        2
 32       16       6        2        1
 33       23       8        3        2
 34       31      11        3        3
 35       35      13        3        3
 36       25       8        3        2
 37       26      14        6        4
 38       24       8        3        2
 39       23       8        3        2
 40       16       6        2        2
 41       28      10        3        2
 42        0       0        0        0
 43       27      10        3        3
 44       29      10        3        2
 45        0       0        0        0
 46       26       9        2        2
 47       18       6        2        2
 48       19       7        3        2
*********************************************************
#Subject ==== 15
  1       53      32       13        9
  2       45      26        9        6
  3       56      36       17       11
  4       59      40       19       13
  5       44      26       11        7
  6       27      13        4        3
  7       37      20        8        5
  8       46      27       11        7
  9       50      26        8        5
 10       39      23        9        6
 11       44      26       10        7
 12       42      23        9        7
 13       26      12        4        3
 14       38      19        5        4
 15       44      26       11        7
 16       54      35       17       12
 17       43      25       10        6
 18       48      30       13        9
 19       52      31       13        9
 20       53      31       12        8
 21       57      37       17       12
 22       55      33       12        8
 23       33      17        7        5
 24       42      22        7        5
 25       48      29       12        9
 26       49      30       13        9
 27       33      16        6        4
 28       49      29       10        6
 29       42      25       11        8
 30       46      30       16       12
 31       48      30       13        8
 32       39      23        9        6
 33       46      27       10        6
 34       62      40       17       11
 35       66      45       20       13
 36       60      39       17       11
 37       29      17        7        5
 38       55      32       11        6
 39       55      35       15       10
 40       34      19        7        5
 41       49      28       10        7
 42       44      26       12        8
 43       52      32       13        9
 44       57      36       15       10
 45       31      17        6        4
 46       51      32       14        9
 47       55      36       18       13
 48       47      27       10        7
*********************************************************
#Subject ==== 16
  1        0       0        0        0
  2       20       7        3        2
  3       21       7        3        2
  4       15       5        2        2
  5        0       0        0        0
  6        0       0        0        0
  7       17       7        3        2
  8       23       9        3        3
  9        0       0        0        0
 10        0       0        0        0
 11       15       6        3        2
 12        0       0        0        0
 13        0       0        0        0
 14        0       0        0        0
 15       15       6        3        2
 16       26      11        4        3
 17        0       0        0        0
 18        0       0        0        0
 19        0       0        0        0
 20        0       0        0        0
 21        0       0        0        0
 22        0       0        0        0
 23        0       0        0        0
 24       15       6        3        3
 25        0       0        0        0
 26        0       0        0        0
 27        0       0        0        0
 28       18       7        3        2
 29       23      11        5        3
 30       20       9        4        3
 31        0       0        0        0
 32       16       7        3        3
 33        0       0        0        0
 34        0       0        0        0
 35       16       5        3        2
 36        0       0        0        0
 37       17       8        3        2
 38        0       0        0        0
 39        0       0        0        0
 40        0       0        0        0
 41       16       6        3        2
 42        0       0        0        0
 43        0       0        0        0
 44        0       0        0        0
 45        0       0        0        0
 46       19       6        3        2
 47       15       5        2        2
 48       22      10        5        4
*********************************************************
#Subject ==== 17
  1       45      24        7        5
  2       41      22        7        5
  3       48      27       10        6
  4       55      36       15       10
  5       25      10        4        3
  6       25      12        4        3
  7       29      15        5        4
  8       42      22        8        5
  9       35      14        4        4
 10       38      22        9        6
 11       39      20        7        5
 12       31      14        5        3
 13       27      12        4        3
 14       43      22        5        3
 15       39      20        6        5
 16       46      27       11        7
 17       30      14        4        3
 18       39      21        7        5
 19       43      21        7        4
 20       43      19        6        4
 21       40      20        6        4
 22       41      19        5        3
 23       32      16        5        4
 24       46      25        8        4
 25       46      26        9        6
 26       29      12        4        3
 27       25       9        3        3
 28       41      21        6        4
 29       39      21        8        6
 30       37      21        9        6
 31       41      23        8        5
 32       41      24       10        7
 33       45      26        9        6
 34       53      29        8        5
 35       57      33       10        6
 36       51      29       10        6
 37       27      14        6        4
 38       43      20        5        4
 39       45      24        7        5
 40       37      22        8        5
 41       52      32       13        8
 42       28      13        4        3
 43       44      24        7        5
 44       51      29       10        6
 45       31      15        6        5
 46       42      22        7        5
 47       33      16        5        4
 48       50      30       12        8
*********************************************************
#Subject ==== 18
  1       56      35       14        9
  2       50      30       12        8
  3       57      38       17       11
  4       56      36       15       10
  5       32      15        6        4
  6       29      15        4        3
  7       44      28       12        8
  8       52      33       14       10
  9       61      38       14        8
 10       36      20        7        4
 11       55      36       18       12
 12       54      35       17       12
 13       27      13        4        3
 14       41      21        6        4
 15       41      23        9        6
 16       51      32       14       10
 17       35      18        6        4
 18       46      28       11        7
 19       40      19        6        4
 20       47      24        8        5
 21       45      25        8        6
 22       67      47       24       17
 23       42      26       11        8
 24       52      31       12        7
 25       50      30       12        7
 26       36      17        5        3
 27       21       9        3        3
 28       56      36       16       10
 29       32      16        7        5
 30       42      26       12        8
 31       49      30       13        8
 32       38      22        8        5
 33       48      28       10        6
 34       63      40       15        9
 35       68      47       22       14
 36       55      33       12        7
 37       30      18        9        7
 38       67      47       23       16
 39       56      36       15        9
 40       39      23       10        7
 41       53      33       13        8
 42       34      18        6        4
 43       56      36       15       10
 44       61      40       17       11
 45       25      12        5        3
 46       47      28       10        6
 47       45      27       10        6
 48       38      20        8        5
*********************************************************
#Subject ==== 19
  1       61      41       20       13
  2       59      41       22       16
  3       67      49       28       21
  4       70      52       31       24
  5       43      25       10        7
  6       38      23       10        6
  7       51      34       19       14
  8       59      40       20       14
  9       60      37       13        8
 10       45      28       14       10
 11       57      38       19       14
 12       53      34       17       12
 13       48      30       13        9
 14       60      40       19       12
 15       49      30       13        9
 16       63      46       27       21
 17       45      27       11        8
 18       57      39       21       16
 19       55      34       14        9
 20       63      41       17       12
 21       57      36       16       10
 22       62      41       18       12
 23       51      33       17       12
 24       62      43       22       16
 25       57      37       18       12
 26       44      25        9        6
 27       43      21        7        5
 28       61      42       22       16
 29       54      36       19       14
 30       52      36       20       16
 31       56      38       20       14
 32       49      33       17       12
 33       56      37       18       12
 34       71      52       28       20
 35       75      57       33       25
 36       69      50       27       20
 37       37      23       12        9
 38       64      43       20       13
 39       62      43       22       16
 40       46      29       15       11
 41       61      41       21       15
 42       45      27       12        8
 43       62      43       22       16
 44       65      45       23       16
 45       47      30       14       10
 46       61      42       21       15
 47       56      38       18       13
 48       60      41       21       15
*********************************************************
#Subject ==== 20
  1       58      37       17       11
  2       51      32       14        9
  3       54      33       14        8
  4       63      45       24       18
  5       47      28       12        9
  6        0       0        0        0
  7       34      19        6        4
  8       33      14        3        2
  9       27       8        2        2
 10       45      29       14        9
 11       45      26        9        6
 12       37      19        5        4
 13       17       5        1        1
 14       30      11        2        2
 15       43      25       10        7
 16       50      31       14        9
 17       50      32       15       10
 18       45      28       11        7
 19       53      32       13        9
 20       51      28        9        6
 21       59      39       19       14
 22       41      20        4        3
 23       33      17        5        3
 24       45      24        7        4
 25       55      35       16       11
 26       46      27       10        7
 27       33      15        6        4
 28       49      29       10        6
 29       38      21        8        5
 30       47      31       16       12
 31       54      35       17       12
 32       46      29       13        9
 33       56      36       17       12
 34       62      40       16       10
 35       64      42       17       10
 36       65      45       23       16
 37        0       0        0        0
 38       44      21        5        3
 39       56      35       15       10
 40       41      24       10        7
 41       58      38       17       11
 42       50      31       15       11
 43       56      35       15        9
 44       61      41       19       13
 45       24      10        3        1
 46       43      24        7        4
 47       51      33       15       10
 48       44      23        8        5
*********************************************************
#Subject ==== 21
  1       22       6        1        1
  2       36      17        4        2
  3       47      27        8        4
  4       35      15        2        1
  5        0       0        0        0
  6       37      21        8        5
  7       31      15        4        2
  8       50      30       11        7
  9       62      38       13        8
 10       26      12        3        2
 11       40      20        6        4
 12       40      20        6        4
 13       19       6        2        1
 14       40      19        4        3
 15       27      12        4        2
 16       39      20        5        2
 17        0       0        0        0
 18       36      18        5        3
 19       19       7        2        1
 20       18       6        1        1
 21       23       8        2        1
 22       46      22        5        3
 23       28      12        3        2
 24       39      18        5        3
 25       21       8        2        1
 26       18       6        2        2
 27       16       5        2        2
 28       47      26        8        4
 29       21       8        2        1
 30       28      13        3        1
 31       30      12        3        2
 32       29      14        4        2
 33       32      14        3        2
 34       49      25        6        3
 35       55      30        7        4
 36       27       8        2        1
 37       34      21        9        7
 38       46      23        6        3
 39       30      11        3        2
 40       30      15        5        3
 41       38      18        5        3
 42        0       0        0        0
 43       39      18        4        2
 44       32      12        2        2
 45        0       0        0        0
 46       33      13        3        2
 47       23       8        2        1
 48       34      15        4        3
*********************************************************
#Subject ==== 22
  1       23       9        3        2
  2       27      10        3        2
  3       33      15        4        3
  4       28      11        3        2
  5        0       0        0        0
  6       16       7        3        2
  7       23      10        2        2
  8       29      13        4        2
  9       29      11        5        3
 10       23      10        3        2
 11       24       9        3        2
 12       24      10        3        2
 13       16       5        2        2
 14       37      17        5        4
 15       28      13        5        4
 16       32      14        4        2
 17        0       0        0        0
 18       32      16        5        4
 19       25      11        4        3
 20       20       8        3        2
 21       22       8        3        2
 22       28      10        3        2
 23       19       7        3        2
 24       34      14        5        3
 25       27      11        4        3
 26       19       8        4        3
 27       17       9        4        3
 28       28      11        4        3
 29       20       8        3        2
 30       24      10        3        1
 31       27      11        4        3
 32       25      11        3        2
 33       28      11        3        2
 34       39      17        5        4
 35       44      21        6        4
 36       23       8        3        2
 37       22      12        5        3
 38       33      13        5        3
 39       25       9        3        2
 40       22       9        3        2
 41       32      13        4        2
 42        0       0        0        0
 43       32      14        5        4
 44       30      11        4        3
 45        0       0        0        0
 46       30      13        4        2
 47       22       8        3        2
 48       18       7        2        1
*********************************************************
#Subject ==== 23
  1        0       0        0        0
  2       26      13        5        4
  3       32      15        6        5
  4       19       9        4        3
  5        0       0        0        0
  6        0       0        0        0
  7       23      11        5        4
  8       19       9        4        3
  9       20      10        4        3
 10       18       9        4        3
 11       26      13        6        5
 12       20      10        5        4
 13        0       0        0        0
 14        0       0        0        0
 15        0       0        0        0
 16       26      11        4        3
 17        0       0        0        0
 18       23      10        4        3
 19        0       0        0        0
 20        0       0        0        0
 21       16       8        3        3
 22       22       9        3        2
 23        0       0        0        0
 24        0       0        0        0
 25        0       0        0        0
 26        0       0        0        0
 27        0       0        0        0
 28       29      14        6        4
 29        0       0        0        0
 30       17       9        4        2
 31       18       9        4        3
 32       18       9        5        3
 33       19      10        5        4
 34       19       8        3        2
 35       29      13        4        3
 36        0       0        0        0
 37        0       0        0        0
 38       22       9        3        3
 39        0       0        0        0
 40       16       9        5        4
 41       20      11        6        4
 42        0       0        0        0
 43       16       7        4        3
 44       16       8        4        3
 45        0       0        0        0
 46        0       0        0        0
 47        0       0        0        0
 48       16       8        4        3
*********************************************************
#Subject ==== 24
  1       22       8        3        2
  2       24      10        3        2
  3       42      23        7        4
  4       39      20        6        4
  5        0       0        0        0
  6       21       9        3        2
  7        0       0        0        0
  8       25      10        2        2
  9       25       8        2        2
 10       25      11        3        2
 11       28      13        4        2
 12       23       9        3        2
 13        0       0        0        0
 14       21       7        3        2
 15       18       8        3        2
 16       29      12        3        2
 17       19       8        3        2
 18       31      15        4        2
 19       24      11        4        3
 20       15       6        2        1
 21       24      10        3        2
 22       35      15        4        2
 23       24      11        4        2
 24       28      11        4        3
 25       23      10        4        3
 26       19       8        3        2
 27       16       8        3        2
 28       38      19        6        4
 29       25      12        4        3
 30       22       9        2        2
 31       26      11        3        2
 32       29      15        5        3
 33       29      13        4        3
 34       39      17        4        2
 35       47      24        6        3
 36       29      11        4        3
 37       18       9        3        2
 38       37      15        4        2
 39       23       8        3        2
 40       24      12        4        3
 41       31      14        4        3
 42       16       7        3        2
 43       31      14        4        3
 44       28      12        4        3
 45        0       0        0        0
 46       23       8        3        2
 47       18       7        2        2
 48       26      11        4        2
*********************************************************
#Subject ==== 25
  1       26      11        4        3
  2       35      17        7        5
  3       39      20        7        4
  4       38      18        6        4
  5       16       7        2        2
  6       18       8        3        3
  7       29      15        5        4
  8       34      16        6        4
  9       37      17        7        5
 10       20       9        3        2
 11       34      17        7        5
 12       31      15        6        4
 13        0       0        0        0
 14       18       7        3        2
 15       19       8        2        2
 16       35      17        5        4
 17       21       8        3        2
 18       35      19        7        5
 19       25      11        3        2
 20       26      11        4        3
 21       26      11        3        2
 22       33      16        6        4
 23       17       8        3        2
 24       25      10        4        2
 25       23       9        3        2
 26       20       8        2        2
 27       18       8        3        2
 28       31      14        5        3
 29       18       7        2        2
 30       20       8        2        2
 31       31      14        5        4
 32       23      10        4        3
 33       29      13        5        4
 34       47      25        9        6
 35       53      29       11        7
 36       35      16        6        4
 37       23      13        6        4
 38       31      14        6        4
 39       31      14        6        4
 40       20       9        4        3
 41       31      14        5        3
 42       18       7        2        2
 43       38      19        7        5
 44       32      14        5        4
 45        0       0        0        0
 46       21       8        2        2
 47       17       6        2        2
 48       24      11        5        3
*********************************************************
#Subject ==== 26
  1       20       6        3        2
  2       23       7        3        3
  3       29      10        3        3
  4       28      10        2        2
  5        0       0        0        0
  6        0       0        0        0
  7       15       4        2        2
  8       21       7        3        3
  9       21       6        3        2
 10       24      10        3        3
 11       20       7        3        3
 12       17       5        3        3
 13        0       0        0        0
 14       25       8        3        3
 15       18       7        3        3
 16       26       9        2        2
 17       17       6        2        1
 18       19       6        2        2
 19       19       7        3        3
 20       15       6        3        2
 21       21       7        2        2
 22       19       5        2        2
 23       15       5        3        3
 24       24       8        3        3
 25       20       7        3        3
 26       18       7        3        2
 27        0       0        0        0
 28       25       8        3        3
 29       23       9        3        2
 30       17       6        2        2
 31       23       8        3        3
 32       24       9        3        3
 33       26      10        3        3
 34       31      10        3        2
 35       34      10        3        2
 36       23       8        2        1
 37       16       7        3        3
 38       20       5        2        2
 39       21       7        2        2
 40       20       8        3        3
 41       27      10        3        3
 42       15       5        2        1
 43       25       8        3        3
 44       25       8        3        3
 45       21       9        3        2
 46       24       8        3        2
 47       16       5        2        1
 48       23       8        3        3
*********************************************************
#Subject ==== 27
  1       28      11        4        2
  2       22       8        2        2
  3       38      19        6        3
  4       31      13        4        2
  5        0       0        0        0
  6       23      10        3        2
  7       18       6        2        2
  8       32      15        5        3
  9       31      11        3        2
 10       23      11        4        2
 11       27      11        4        2
 12       24      10        3        2
 13        0       0        0        0
 14       24       9        2        2
 15       19       7        2        2
 16       31      14        4        3
 17        0       0        0        0
 18       21       8        2        2
 19       22       9        4        3
 20       22       9        3        2
 21       18       7        3        2
 22       32      12        3        2
 23       26      11        4        3
 24       31      13        4        2
 25       26      11        3        2
 26        0       0        0        0
 27        0       0        0        0
 28       33      15        3        2
 29       32      16        6        4
 30       24      11        4        3
 31       27      12        3        2
 32       30      16        6        4
 33       27      11        3        2
 34       29      10        3        2
 35       37      15        4        2
 36       24       8        3        2
 37       21      10        4        2
 38       31      12        3        2
 39       24       9        3        2
 40       26      12        5        3
 41       34      16        4        3
 42        0       0        0        0
 43       31      14        4        3
 44       32      14        4        3
 45       18       7        2        2
 46       27      11        3        2
 47       18       7        2        2
 48       34      17        6        4
*********************************************************
#Subject ==== 28
  1       15       6        3        2
  2       17       6        2        1
  3       27      10        4        3
  4       24       9        3        2
  5        0       0        0        0
  6        0       0        0        0
  7        0       0        0        0
  8       26      11        5        4
  9       16       7        3        3
 10       18       8        3        2
 11       21       8        3        2
 12       17       6        3        2
 13        0       0        0        0
 14       22      10        4        4
 15       16       7        4        3
 16       21       8        2        1
 17       15       7        3        2
 18       28      13        4        3
 19       16       7        3        3
 20        0       0        0        0
 21       20       8        3        2
 22       21       6        2        2
 23       17       8        4        3
 24       21       9        4        3
 25       17       7        3        3
 26       15       6        3        2
 27        0       0        0        0
 28       21       7        3        2
 29       22      11        4        3
 30       19       9        3        2
 31       17       6        2        2
 32       23      10        4        3
 33       19       7        3        2
 34       23       8        3        2
 35       34      13        4        3
 36       18       7        2        2
 37       19      10        5        4
 38       31      11        3        2
 39        0       0        0        0
 40       16       7        3        2
 41       22       8        3        2
 42        0       0        0        0
 43       17       6        3        2
 44       19       7        3        2
 45       18       9        4        3
 46       27      12        4        3
 47       18       7        3        2
 48       21       9        4        3
*********************************************************
#Subject ==== 29
  1       33      14        4        2
  2       39      20        6        4
  3       46      25        9        5
  4       46      26        9        5
  5       16       6        1        1
  6       33      18        8        5
  7       29      15        4        2
  8       45      26        9        6
  9       51      28       11        8
 10       29      14        4        3
 11       33      16        5        3
 12       33      16        5        3
 13       27      11        2        2
 14       47      26        8        4
 15       38      20        7        5
 16       41      22        7        4
 17       20       8        2        1
 18       38      21        7        4
 19       23      10        3        2
 20       25      10        3        1
 21       31      14        3        2
 22       41      20        6        4
 23       26      11        3        2
 24       49      28       10        6
 25       40      20        6        4
 26       23      10        3        2
 27       21       9        3        2
 28       41      22        7        5
 29       34      17        5        3
 30       32      17        5        3
 31       36      18        6        3
 32       32      16        5        4
 33       37      18        5        3
 34       52      29       10        7
 35       56      32       11        7
 36       39      18        5        3
 37       35      22       10        7
 38       44      22        7        4
 39       37      17        5        4
 40       26      12        4        3
 41       44      24        8        5
 42       18       7        2        1
 43       42      22        7        5
 44       42      21        6        4
 45       27      12        2        2
 46       42      22        6        3
 47       29      13        3        2
 48       27      11        3        2
*********************************************************
#Subject ==== 30
  1       29      12        4        3
  2       31      13        3        2
  3       33      14        3        2
  4       29      11        2        1
  5       22       9        3        2
  6        0       0        0        0
  7       23      10        3        2
  8       26      10        2        2
  9       25       9        3        2
 10       21       8        2        1
 11       29      13        4        3
 12       26      11        3        2
 13        0       0        0        0
 14       32      13        3        2
 15       26      12        4        3
 16       29      11        2        1
 17       25      10        2        1
 18       19       7        2        1
 19       30      12        4        3
 20       29      12        4        3
 21       28      10        2        1
 22       28      10        3        2
 23       21       9        3        2
 24       31      13        4        3
 25       27      11        4        2
 26       22       8        2        2
 27       18       8        3        2
 28       30      12        3        2
 29       19       7        3        2
 30       27      12        3        2
 31       28      12        3        2
 32       21       8        2        1
 33       28      11        3        2
 34       31      12        3        2
 35       36      14        4        2
 36       30      11        3        2
 37       18       8        2        2
 38       26       9        3        2
 39       22       8        3        2
 40       20       9        3        2
 41       31      14        4        2
 42       22       9        2        1
 43       29      12        4        2
 44       31      13        4        3
 45        0       0        0        0
 46       29      11        3        2
 47       23       9        2        2
 48       24       9        3        2
*********************************************************
#Subject ==== 31
  1       18       6        2        2
  2       33      16        5        3
  3       33      14        4        2
  4       28      10        3        2
  5       16       7        3        2
  6       24      11        4        3
  7       20       8        2        1
  8       31      14        5        3
  9       36      16        6        4
 10       19       8        3        2
 11       27      12        4        2
 12       24      10        3        2
 13        0       0        0        0
 14       20       6        2        1
 15       16       6        2        1
 16       25       9        3        2
 17       15       6        2        1
 18       31      14        4        3
 19       16       6        2        1
 20       18       7        3        2
 21       20       7        3        2
 22       34      14        4        3
 23        0       0        0        0
 24       18       7        2        1
 25       17       6        1        1
 26        0       0        0        0
 27        0       0        0        0
 28       29      11        3        2
 29       16       5        1        1
 30       21       8        2        1
 31       27      12        4        3
 32       20       9        4        2
 33       25      11        4        2
 34       39      16        5        3
 35       45      21        6        4
 36       24       9        3        2
 37       30      17        7        5
 38       33      12        4        3
 39       21       7        3        2
 40       18       8        3        2
 41       25      10        3        2
 42       17       7        2        2
 43       30      13        4        3
 44       24       9        3        2
 45        0       0        0        0
 46       22       7        2        1
 47       20       7        2        1
 48       18       7        2        1
*********************************************************
#Subject ==== 32
  1       18       6        2        1
  2       28      11        3        2
  3       37      19        5        3
  4       31      13        4        2
  5        0       0        0        0
  6       16       6        2        2
  7       21       9        3        2
  8       33      16        6        3
  9       32      13        5        3
 10       26      12        3        2
 11       27      12        4        3
 12       25      11        4        3
 13       41      23        8        4
 14       50      29       11        6
 15       29      14        4        3
 16       33      16        5        3
 17        0       0        0        0
 18       22       8        2        1
 19       21       8        2        2
 20        0       0        0        0
 21       19       7        2        2
 22       25       8        3        2
 23       32      16        6        4
 24       43      22        8        5
 25       30      13        4        3
 26       15       6        2        2
 27        0       0        0        0
 28       32      14        4        3
 29       43      26       10        6
 30       22      10        3        2
 31       25      10        2        2
 32       31      15        5        4
 33       29      12        3        2
 34       37      15        4        2
 35       41      17        4        2
 36       20       7        2        1
 37       20      10        3        2
 38       27       9        3        2
 39       21       8        3        1
 40       28      14        5        4
 41       35      16        5        3
 42        0       0        0        0
 43       29      12        4        2
 44       25       9        3        2
 45       47      29       12        8
 46       44      24        7        3
 47       17       6        2        1
 48       46      26       10        7
*********************************************************
#Subject ==== 33
  1       20       5        1        1
  2       36      18        4        2
  3       48      28        9        5
  4       34      14        2        1
  5       16       5        1        1
  6       22      11        3        2
  7       21       8        2        2
  8       35      16        5        3
  9       37      15        3        2
 10       26      11        3        2
 11       36      18        5        3
 12       31      14        5        3
 13       23       9        3        2
 14       35      15        3        2
 15       20       7        2        2
 16       34      16        4        2
 17       20       6        1        1
 18       33      16        4        3
 19        0       0        0        0
 20        0       0        0        0
 21       25       9        2        1
 22       44      21        5        3
 23       23       9        3        2
 24       36      16        4        2
 25       23       8        2        1
 26        0       0        0        0
 27        0       0        0        0
 28       50      30       11        7
 29       29      13        4        2
 30       26      12        3        2
 31       34      16        4        2
 32       26      11        3        2
 33       35      16        3        2
 34       46      22        5        3
 35       50      26        6        3
 36       30      10        2        1
 37       25      13        5        3
 38       49      27        8        4
 39       23       6        2        2
 40       23      10        3        2
 41       38      18        4        2
 42       19       6        2        1
 43       39      19        4        3
 44       31      11        2        2
 45       22      10        3        2
 46       33      15        4        2
 47       21       7        2        1
 48       37      18        6        4
*********************************************************
#Subject ==== 34
  1       30      11        3        2
  2       41      22        7        5
  3       39      19        6        3
  4       35      15        3        2
  5        0       0        0        0
  6        0       0        0        0
  7       31      15        5        2
  8       31      14        4        2
  9       32      12        4        3
 10       32      17        6        3
 11       29      12        4        2
 12       26      10        3        2
 13       18       7        3        2
 14       36      17        5        3
 15       29      13        5        4
 16       36      18        5        3
 17       18       7        2        1
 18       27      12        4        3
 19       23       8        2        2
 20       26       9        3        3
 21       25       9        2        2
 22       36      15        4        3
 23       25      11        5        3
 24       38      18        6        4
 25       27      11        3        2
 26       17       6        2        2
 27       18       7        2        2
 28       37      18        6        4
 29       24      11        4        2
 30       28      14        5        3
 31       35      17        5        3
 32       31      16        5        3
 33       38      19        6        3
 34       38      16        4        3
 35       43      19        5        3
 36       27       9        2        1
 37       19      10        3        2
 38       37      16        5        3
 39       26       9        3        3
 40       30      16        7        5
 41       40      20        6        4
 42       16       5        1        1
 43       37      17        5        4
 44       37      16        4        3
 45       17       7        2        2
 46       34      15        4        3
 47       24       9        2        2
 48       26      11        4        3
*********************************************************
#Subject ==== 35
  1       18       5        2        1
  2       23       6        2        1
  3       42      21        5        3
  4       35      14        3        2
  5       16       5        2        1
  6       16       5        2        2
  7       18       6        2        2
  8       26       9        2        2
  9       23       6        2        2
 10       16       5        1        1
 11       31      13        3        2
 12       27      10        3        2
 13       27      11        2        2
 14       43      22        5        3
 15       26      10        3        2
 16       27      10        2        1
 17       20       7        2        1
 18       30      13        2        2
 19       23       8        2        2
 20        0       0        0        0
 21       25       8        2        2
 22       35      13        3        2
 23       28      11        3        2
 24       36      15        4        3
 25       23       7        2        2
 26       22       8        2        2
 27       16       5        2        2
 28       37      16        4        3
 29       26      11        4        2
 30       25      10        3        2
 31       19       6        2        1
 32       23       9        3        2
 33       20       6        2        1
 34       38      13        2        2
 35       47      21        3        2
 36       27       8        2        1
 37       19       9        2        2
 38       34      12        3        2
 39       23       6        2        1
 40       25      11        3        2
 41       29      10        2        2
 42       19       6        2        1
 43       31      11        2        2
 44       24       7        2        1
 45       25      10        2        2
 46       35      15        3        2
 47       22       7        2        1
 48       31      12        3        2
*********************************************************
#Subject ==== 36
  1       16       5        2        2
  2       25       9        3        2
  3       30      12        4        3
  4       25       8        3        2
  5        0       0        0        0
  6       16       6        3        2
  7       19       7        3        2
  8       26      10        3        2
  9       25       9        3        3
 10       21       8        3        2
 11       22       8        3        2
 12       20       8        3        3
 13        0       0        0        0
 14       27      10        3        3
 15       20       8        3        3
 16       27      11        3        2
 17        0       0        0        0
 18       23       9        3        3
 19       19       9        4        3
 20       16       5        3        2
 21       18       6        3        2
 22       22       6        3        2
 23       18       6        3        2
 24       26       9        3        2
 25       20       7        3        2
 26       17       7        4        3
 27       16       8        4        3
 28       28      10        4        3
 29       20       7        3        2
 30       21       9        4        3
 31       22       7        3        2
 32       23      10        4        3
 33       23       8        3        2
 34       27       8        3        2
 35       34      11        4        3
 36       20       6        2        2
 37       20      10        4        2
 38       24       7        3        3
 39       18       6        3        2
 40       20       8        4        3
 41       27      10        3        2
 42        0       0        0        0
 43       19       6        3        2
 44       20       6        2        2
 45       15       5        3        2
 46       25       9        3        3
 47       15       5        3        2
 48       22       8        3        2
*********************************************************
#Subject ==== 37
  1       37      15        4        2
  2       36      17        3        2
  3       49      28        9        4
  4       41      20        5        3
  5        0       0        0        0
  6       41      25       11        7
  7       27      12        2        1
  8       46      24        7        4
  9       54      28        7        4
 10       25      10        3        2
 11       37      17        3        2
 12       34      15        3        2
 13       19       6        1        1
 14       39      18        4        2
 15       34      15        4        3
 16       37      18        4        1
 17       21       7        2        1
 18       36      18        4        3
 19       30      11        4        2
 20       31      11        3        2
 21       28      10        3        2
 22       45      21        4        2
 23       18       5        1        1
 24       35      14        3        2
 25       33      14        4        3
 26       24       8        3        2
 27       16       7        3        2
 28       45      25        7        4
 29       22       8        1        1
 30       23      10        3        2
 31       37      18        4        3
 32       24       9        2        2
 33       36      16        4        3
 34       50      25        5        3
 35       57      31        7        4
 36       35      13        3        2
 37       37      22       11        8
 38       47      23        5        3
 39       35      14        3        2
 40       20       7        2        2
 41       38      17        4        2
 42       19       7        2        1
 43       42      20        5        3
 44       42      19        5        3
 45       21       8        1        1
 46       34      14        3        1
 47       28      11        2        1
 48       30      12        2        1
*********************************************************
#Subject ==== 38
  1       19       7        2        2
  2       24       8        2        2
  3       37      18        4        3
  4       35      15        3        2
  5        0       0        0        0
  6       15       6        2        2
  7       22       9        2        2
  8       24       9        2        2
  9       23       8        3        2
 10       23      11        3        2
 11       27      11        3        2
 12       25      11        3        2
 13        0       0        0        0
 14       15       5        2        2
 15       15       6        2        2
 16       29      12        3        2
 17       16       6        2        2
 18       27      12        3        2
 19       18       6        2        2
 20       15       5        2        2
 21       22       8        2        2
 22       27       9        3        2
 23       22       9        3        2
 24       23       9        3        2
 25       20       7        3        2
 26        0       0        0        0
 27        0       0        0        0
 28       32      14        4        2
 29       24      10        3        2
 30       25      12        4        2
 31       21       8        3        2
 32       23       9        3        2
 33       24       9        3        2
 34       26       8        2        2
 35       38      15        3        2
 36       27       9        2        2
 37       15       7        3        2
 38       26       9        3        2
 39       18       5        2        2
 40       22      10        4        3
 41       28      11        4        3
 42        0       0        0        0
 43       21       7        2        2
 44       21       7        2        2
 45        0       0        0        0
 46       22       8        2        2
 47       21       8        2        2
 48       28      12        4        3
*********************************************************
#Subject ==== 39
  1       55      34       13        8
  2       49      30       13        9
  3       56      36       17       11
  4       59      40       19       13
  5       38      21        7        5
  6       20       9        3        2
  7       36      21        9        6
  8       36      18        7        5
  9       35      14        4        3
 10       35      19        7        5
 11       47      28       11        8
 12       39      22        8        5
 13       16       6        2        1
 14       26       9        2        1
 15       27      12        3        2
 16       44      26       10        7
 17       39      21        7        5
 18       50      32       15       11
 19       35      15        4        2
 20       48      25        8        5
 21       47      27       10        7
 22       43      22        6        3
 23       35      19        7        5
 24       43      22        7        4
 25       44      23        7        4
 26       33      15        5        3
 27       22       8        3        2
 28       53      33       15       10
 29       28      13        5        3
 30       41      25       12        8
 31       51      32       15       10
 32       35      19        7        5
 33       51      32       14        9
 34       59      36       13        7
 35       65      43       18       11
 36       57      35       13        8
 37       19      10        4        2
 38       47      25        7        4
 39       46      26        8        5
 40       38      22        9        7
 41       53      33       14        9
 42       38      20        7        4
 43       53      32       13        8
 44       57      36       14        9
 45       16       6        2        1
 46       37      18        5        2
 47       41      23        8        5
 48       37      17        6        5
*********************************************************
